,amount,balance,oppositeAccount,oppositeAccountName,time,type
0,22,99872,8847170631713867123,对公账户2852,2019-01-01 11:33:21,消费
1,41,99913,3536511800076085472,个人账户0632,2019-01-01 14:11:02,消费
2,67,99980,4848238248201008656,对公账户3556,2019-01-01 19:54:28,消费
3,126,100106,3121581147734832125,个人账户7253,2019-01-01 22:08:24,消费
4,704,100810,3688081428617737488,对公账户8535,2019-01-02 02:53:31,消费
5,9165,109975,1705662173201283036,个人账户6330,2019-01-02 14:44:09,消费
6,1015,110990,7611642317557366550,对公账户3384,2019-01-02 22:48:00,消费
7,42,111032,3706217347735653014,个人账户7844,2019-01-03 11:15:21,消费
8,2317,113349,4171280767631541757,对公账户5201,2019-01-03 13:37:55,消费
