,amount,balance,oppositeAccount,oppositeAccountName,time,type
0,559,29188,4435873553164166751,对公账户2712,2019-01-01 04:53:45,消费
1,18,29206,2662285435774616353,个人账户0511,2019-01-01 12:36:00,消费
2,2798,32004,3574608026857801237,对公账户8882,2019-01-01 15:07:12,消费
3,4553,36557,6068723276816226480,个人账户2847,2019-01-02 04:48:00,消费
4,1,36558,7370313177143858417,对公账户0855,2019-01-02 19:16:19,消费
5,206,36764,8448854470861604367,个人账户0866,2019-01-03 07:48:00,消费
6,23,36787,3121581147734832125,个人账户7253,2019-01-03 19:58:04,消费
7,82,36869,7420417414035838233,个人账户4560,2019-01-03 20:19:40,消费
8,86,36955,1705662173201283036,个人账户6330,2019-01-03 21:39:36,消费
