,amount,balance,oppositeAccount,oppositeAccountName,time,type
0,21,77001,3685006327343825328,个人账户3714,2019-01-01 00:38:52,还款
1,80,77081,4674613568681873473,对公账户2374,2019-01-01 03:40:19,理财产品支出
2,3254,80335,4530117075736517838,对公账户4708,2019-01-02 13:22:04,还款
3,24,80359,1705818161255878302,个人账户2388,2019-01-02 21:54:00,ATM取款
4,189,80548,4853765012230888136,个人账户1066,2019-01-02 22:54:28,代扣
5,48,80596,1050128862471677173,个人账户2362,2019-01-02 23:48:28,代扣
6,69,80665,2638311523036810504,个人账户8606,2019-01-03 22:16:19,理财产品支出
7,89,80754,3685006327343825328,个人账户3714,2019-01-03 23:08:09,理财产品支出
8,18,80772,5117621085704712025,个人账户5654,2019-01-03 23:44:52,还款
