,amount,balance,oppositeAccount,oppositeAccountName,time,type
0,28733,105521,4171280767631541757,对公账户5201,2019-01-01 04:10:33,还款
1,727,106248,5060643256327401206,对公账户4336,2019-01-01 12:31:40,理财产品支出
2,141,106389,5428507888503517183,个人账户6481,2019-01-01 16:20:38,ATM取款
3,24,106413,6321884201064420254,个人账户4441,2019-01-01 22:45:07,代扣
4,334,106747,5211830681633081007,个人账户0128,2019-01-02 16:47:16,理财产品支出
5,97,106844,6726525773288842824,个人账户3726,2019-01-02 21:47:31,ATM取款
6,71,106915,4848238248201008656,对公账户3556,2019-01-02 22:50:09,理财产品支出
7,36,106951,4036051052673206846,个人账户2885,2019-01-03 13:33:36,代扣
8,21404,128355,8263673451534275228,对公账户2757,2019-01-03 14:36:14,代扣
