,amount,balance,oppositeAccount,oppositeAccountName,time,type
0,56,45254,3536511800076085472,个人账户0632,2019-01-01 01:19:55,理财产品支出
1,46,45300,1634184723026836286,个人账户6512,2019-01-01 11:44:09,还款
2,1279,46579,5105620285780572412,个人账户2147,2019-01-01 16:22:48,还款
3,8286,54865,8847170631713867123,对公账户2852,2019-01-02 10:12:00,理财产品支出
4,23,54888,5105620285780572412,个人账户2147,2019-01-02 17:49:55,理财产品支出
5,1090,55978,8208084885872523311,对公账户5500,2019-01-02 23:07:26,理财产品支出
6,932,56910,4036051052673206846,个人账户2885,2019-01-03 07:45:50,代扣
7,2909,59819,8847170631713867123,对公账户2852,2019-01-03 19:36:28,理财产品支出
8,112,59931,2830457671667676231,对公账户3666,2019-01-03 19:42:57,还款
