,amount,balance,oppositeAccount,oppositeAccountName,time,type
0,39,9670,7237858333123538843,个人账户5616,2019-01-01 03:51:07,ATM取款
1,19,9689,7225442486051870385,对公账户3745,2019-01-01 11:11:45,还款
2,10322,20011,3234636574803125518,个人账户4841,2019-01-01 21:40:19,还款
3,731,20742,3574608026857801237,对公账户8882,2019-01-02 02:51:21,代扣
4,399,21141,4848238248201008656,对公账户3556,2019-01-02 03:19:26,还款
5,693,21834,8258687417877216408,个人账户3860,2019-01-02 13:56:38,ATM取款
6,7,21841,1501825731003322724,个人账户5247,2019-01-02 20:42:43,代扣
7,245,22086,1705818161255878302,个人账户2388,2019-01-03 15:30:14,还款
8,7297,29383,6321884201064420254,个人账户4441,2019-01-03 18:51:07,理财产品支出
