,amount,balance,oppositeAccount,oppositeAccountName,time,type
0,34270,57415,7225153334483261734,对公账户5862,2019-01-01 03:29:31,消费
1,50,57465,5088273664510725035,个人账户7833,2019-01-01 06:20:09,消费
2,96,57561,5150723151171825138,对公账户0275,2019-01-01 16:48:43,消费
3,609,58170,7827205622842583108,对公账户2732,2019-01-02 08:30:28,消费
4,2987,61157,7685712410855030070,对公账户8267,2019-01-02 09:22:19,消费
5,34,61191,6526386766103684323,个人账户5468,2019-01-02 20:10:19,消费
6,49,61240,8541571425717386818,对公账户7678,2019-01-03 07:00:28,消费
7,44,61284,5088273664510725035,个人账户7833,2019-01-03 07:43:40,消费
8,21,61305,4674613568681873473,对公账户2374,2019-01-03 11:47:45,消费
