,amount,balance,oppositeAccount,oppositeAccountName,time,type
0,373,1026,6078771087330822224,对公账户5018,2019-01-01 02:20:24,代扣
1,8577,9603,4381258224744041582,对公账户1312,2019-01-01 13:06:14,代扣
2,8328,17931,5428507888503517183,个人账户6481,2019-01-01 21:12:14,还款
3,2895,20826,7556448258887488431,个人账户2051,2019-01-02 05:26:52,理财产品支出
4,1404,22230,8473580406358421624,对公账户1408,2019-01-02 06:51:07,理财产品支出
5,50,22280,3706217347735653014,个人账户7844,2019-01-02 09:37:26,理财产品支出
6,46,22326,6526386766103684323,个人账户5468,2019-01-02 11:38:24,ATM取款
7,2010,24336,8263673451534275228,对公账户2757,2019-01-03 06:36:43,ATM取款
8,137,24473,6827410807645701524,对公账户4277,2019-01-03 11:13:12,代扣
